&dHi!&r Welcome to my site! This was created by me&b (MrMarshmalo)&r


#download
file-app=cdm.pixel_painter
file-data={Author:"",Pixels:[I;-12451585,-12451585,-12451585,-12451585,-12451585,-12451585,-12451585,-12451585,-12451585,-12451585,-12451585,-12451585,-12451585,-12451585,-12451585,-12451585,-12451585,-12451585,-12451585,-12451585,-12451585,-12451585,-12451585,-12451585,-12451585,-12451585,-12451585,-12451585,-12451585,-12451585,-12451585,-12451585,-12451585,-12451585,-12451585,-12451585,-12451585,-12451585,-12451585,-12451585,-12451585,-12451585,-12451585,-12451585,-12451585,-12451585,-12451585,-12451585,-16739841,-16739841,-16739841,-16739841,-16739841,-16739841,-16739841,-16739841,-16739841,-16739841,-16739841,-16739841,-16739841,-16739841,-16739841,-16739841,-16739841,-16739841,-16739841,-16739841,-16739841,-16739841,-16739841,-16739841,-16739841,-16739841,-16739841,-16739841,-16739841,-16739841,-16739841,-16739841,-16711681,-16711681,-16711681,-16711681,-16711681,-16711681,-16711681,-16711681,-16711681,-16711681,-16711681,-16711681,-16711681,-16711681,-16711681,-16711681,-7254273,-7254273,-7254273,-7254273,-7254273,-7254273,-7254273,-7254273,-7254273,-7254273,-7254273,-7254273,-7254273,-7254273,-7254273,-7254273,-7254273,-7254273,-7254273,-7254273,-256,-7254273,-7254273,-256,-7254273,-7254273,-7254273,-7254273,-256,-7254273,-7254273,-7254273,-7254273,-7254273,-256,-7254273,-256,-256,-7254273,-256,-256,-7254273,-7254273,-256,-7254273,-7254273,-7254273,-7254273,-7254273,-7254273,-7254273,-256,-7254273,-256,-7254273,-7254273,-256,-7254273,-256,-7254273,-256,-256,-7254273,-7254273,-7254273,-7254273,-7254273,-7254273,-256,-256,-256,-256,-256,-256,-256,-256,-256,-7254273,-7254273,-7254273,-7254273,-7254273,-256,-256,-7254273,-256,-15872,-15872,-15872,-15872,-256,-7254273,-7254273,-7254273,-7254273,-7254273,-7254273,-7254273,-7254273,-256,-256,-256,-15872,-15872,-15872,-15872,-256,-7254273,-256,-256,-7254273,-7254273,-7254273,-7254273,-256,-256,-7254273,-256,-15872,-15872,-15872,-15872,-256,-256,-256,-7254273,-7254273,-7254273,-7254273,-16711936,-7254273,-256,-256,-256,-15872,-15872,-15872,-15872,-256,-16711936,-7254273,-16711936,-7254273,-16711936,-16711936,-16711936,-16711936,-16711936,-16711936,-16711936,-16711936,-16711936,-16711936,-16711936,-16711936,-16711936,-16711936,-16711936,-16711936,-16711936],Name:"",Resolution:16}
file-name=Sun
text=heres a painting of mine
#navigation
color=-1223169
item-link-1=https://www.youtube.com/channel/UC8O-k_VkQtJdfIchHRU-2kA
item-label-1=Youtube
item-icon-1=BELL
item-link-2=https://discord.gg/aCxxMKU
item-label-2=Discord
item-icon-2=COMMUNITY
item-link-3=https://www.instagram.com/lolz_play/
item-label-3=Instagram
item-icon-3=CAMERA
item-link-4=https://twitter.com/ReeceJo34121117
item-label-4=Twitter
item-icon-4=GIFT_CYAN
