#banner
image=https://raw.githubusercontent.com/Ocelot5836/storage/master/mods/device-mod/gitweb/modelcreator/main-banner.png
text=&c&lModel Creator

#navigation
item-link-1=modelcreator.app
item-label-1=Home
item-icon-1=HOME
item-link-2=modelcreator.app/pages
item-label-2=Pages
item-icon-2=BOOK_OPEN
item-link-3=modelcreator.app/pages/wiki
item-label-3=Wiki
item-icon-3=EARTH

#header
scale=2
text=&c&lTextures
align=center

#paragraph
text=This page contains &7*bad*&r textures created by myself as well as textures created by users.

#header
scale=2
text=&c&lCreated by Ocelot5836

#download
file-app=cdm.pixel_painter
file-data={Author:"Ocelot5836",Pixels:[I;-15872,-15872,-15872,-15872,-15872,-15872,-15872,-15872,-15872,-15872,-15872,-15872,-15872,-15872,-15872,-15872,-15872,-256,-256,-256,-256,-256,-256,-256,-256,-256,-256,-256,-256,-256,-256,-15872,-15872,-256,-256,-256,-256,-256,-256,-256,-256,-256,-256,-256,-256,-256,-256,-15872,-15872,-256,-256,-256,-256,-256,-256,-256,-256,-256,-256,-256,-256,-256,-256,-15872,-15872,-256,-256,-256,-1,-1,-1,-1,-1,-1,-1,-1,-256,-256,-256,-15872,-15872,-256,-256,-256,-1,-1,-1,-1,-1,-1,-1,-1,-256,-256,-256,-15872,-15872,-256,-256,-256,-1,-1,-1,-1,-1,-1,-1,-1,-256,-256,-256,-15872,-15872,-256,-256,-256,-1,-1,-1,-1,-1,-1,-1,-1,-256,-256,-256,-15872,-15872,-256,-256,-256,-1,-1,-1,-1,-1,-1,-1,-1,-256,-256,-256,-15872,-15872,-256,-256,-256,-1,-1,-1,-1,-1,-1,-1,-1,-256,-256,-256,-15872,-15872,-256,-256,-256,-1,-1,-1,-1,-1,-1,-1,-1,-256,-256,-256,-15872,-15872,-256,-256,-256,-1,-1,-1,-1,-1,-1,-1,-1,-256,-256,-256,-15872,-15872,-256,-256,-256,-256,-256,-256,-256,-256,-256,-256,-256,-256,-256,-256,-15872,-15872,-256,-256,-256,-256,-256,-256,-256,-256,-256,-256,-256,-256,-256,-256,-15872,-15872,-256,-256,-256,-256,-256,-256,-256,-256,-256,-256,-256,-256,-256,-256,-15872,-15872,-15872,-15872,-15872,-15872,-15872,-15872,-15872,-15872,-15872,-15872,-15872,-15872,-15872,-15872,-15872],Name:"Basic Sun",Resolution:16}
file-name=sun
text=Basic Sun

#download
file-app=cdm.pixel_painter
file-data={Author:"Ocelot5836",Pixels:[I;-4784129,-4784129,-4784129,-4784129,-4784129,-4784129,-4784129,-4784129,-4784129,-4784129,-4784129,-4784129,-4784129,-4784129,-4784129,-4784129,-4784129,-4784129,-4784129,-4784129,-4784129,-4784129,-4784129,-4784129,-4784129,-4784129,-4784129,-4784129,-4784129,-4784129,-4784129,-4784129,-4784129,-4784129,-256,-256,-4784129,-4784129,-4784129,-4784129,-4784129,-4784129,-4784129,-4784129,-4784129,-4784129,-4784129,-4784129,-4784129,-4784129,-256,-256,-4784129,-4784129,-4784129,-4784129,-4784129,-4784129,-4784129,-4784129,-4784129,-4784129,-4784129,-4784129,-4784129,-4784129,-4784129,-4784129,-4784129,-4784129,-4784129,-4784129,-4784129,-4784129,-4784129,-4784129,-4784129,-4784129,-4784129,-4784129,-4784129,-4784129,-4784129,-4784129,-4784129,-4784129,-4784129,-4784129,-4784129,-4784129,-4784129,-4784129,-4784129,-4784129,-4784129,-4784129,-4784129,-4784129,-4784129,-4784129,-4784129,-4784129,-4784129,-4784129,-4784129,-4784129,-4784129,-4784129,-4784129,-4784129,-4784129,-4784129,-4784129,-4784129,-4784129,-4784129,-4784129,-4784129,-4784129,-4784129,-4784129,-4784129,-4784129,-4784129,-4784129,-4784129,-4784129,-4784129,-4784129,-4784129,-4784129,-4784129,-4784129,-4784129,-4784129,-4784129,-4784129,-16740096,-16740096,-16740096,-16740096,-4784129,-4784129,-4784129,-4784129,-4784129,-4784129,-4784129,-4784129,-4784129,-16740096,-16740096,-16740096,-16749312,-16749312,-16749312,-16749312,-16740096,-16740096,-16740096,-4784129,-16740096,-16740096,-16740096,-16740096,-16740096,-16749312,-16749312,-16749312,-16760320,-16760320,-16760320,-16760320,-16749312,-16749312,-16749312,-16740096,-16749312,-16749312,-16749312,-16749312,-16749312,-16760320,-16760320,-16760320,-16760320,-16760320,-16760320,-16760320,-16760320,-16760320,-16760320,-16749312,-16760320,-16760320,-16760320,-16760320,-16760320,-16760320,-16760320,-16760320,-16760320,-16760320,-16760320,-16760320,-16760320,-16760320,-16760320,-16760320,-16760320,-16760320,-16760320,-16760320,-16760320,-16760320,-16760320,-16760320,-16760320,-16760320,-16760320,-16760320,-16760320,-16760320,-16760320,-16760320,-16760320,-16760320,-16760320,-16760320,-16760320,-16760320,-16760320,-16760320,-16760320,-16760320,-16760320,-16760320,-16760320,-16760320,-16760320,-16760320,-16760320,-16760320,-16760320,-16760320,-16760320,-16760320,-16760320,-16760320,-16760320,-16760320,-16760320,-16760320,-16760320,-16760320,-16760320],Name:"Green Landscape",Resolution:16}
file-name=landscape
text=Green Landscape

#divider
size=12

#header
scale=2
text=&c&lCreated by Others

#paragraph
text=There doesn't seem to be any textures submitted by users yet );

#divider
size=12

#footer
title=Model Creator
sub-title=Developed by Ocelot5836
home-page=modelcreator.app